      10:    20    21    41    46    48    51    56    60    61    66    71    76 
      11:     1     6     8    11    16    20    21    26    31    36    41    46    48    51    56    60    61    66    71    76 
      12:     1     6     8    11    16    20    21    26    31    36    41    46    48    51    56    60    61    66    71    76 
      13:     1     6     8    11    16    20    21    26    31    36    41    46    48    51    56    60    61    66    71    76 
      14:     1     6     8    11    16    20    21    26    31    36    41    46    48    51    56    60    61    66    71    76 
      15:     1     6     8    11    16    20    21    26    31    36    41    46    48    51    56    60    61    66    71    76 
      16:     1     6     8    11    16    20    21    26    31    36    41    46    48    51    56    60    61    66    71    76 
      17:     1     6     8    11    16    20    21    26    31    36    41    46    48    51    56    60    61    66    71    76 
      18:     1     6     8    11    16    20    21    26    31    36    41    46    48    51    56    61    66    71    76 
      19:     1     6     8    11    16    20    21    26    31    36    41    46    48    51    56    61    66    71    76 
      20:     1     6     8    11    16    20    21    26    31    36    41    46    48    51    56    60    61    66    71    76 
      21:     1     6     8    11    16    20    21    26    31    36    60    66 
      22:     1     6     8    11    16    20    21    26    31    36    60    71 
      23:     1     6     8    11    16    20    21    26    31    36    41    46    48    51    56    60    61    66    71    76 
      24:     1     6     8    11    16    20    21    26    31    36    41    46    48    51    56    61    66    71    76 
      25:     1     6     8    11    16    20    21    26    31    36    41    46    48    51    56    60    61    66    71    76 
      26:     1     6     8    11    16    20    21    26    31    36    41    46    48    51    56    60    61    66    71    76 
      27:     1     6     8    11    16    20    21    26    31    36    56    60 
      28:     1     6     8    11    16    20    21    26    31    36    41    46    48    51    56    60    61    66    71    76 
      29:     1     6     8    11    16    20    21    26    31    36    41    46    48    51    56    60    61    66    71    76 
      30:     1     6     8    11    16    20    21    26    31    36    41    46    48    51    56    61    66    71    76 
      31:     1     6     8    11    16    20    21    26    31    36    60 
      32:     1     6     8    11    16    20    21    26    31    36    41    46    48    51    56    60    61    66    71    76 
      33:     1     6     8    11    16    20    21    26    31    36    41    46    51    56    60    61    66    71    76 
      34:     1     6     8    11    16    20    21    26    31    36    41    46    48    51    56    60    61    66    71    76 
      35:     1     6     8    11    16    20    21    26    31    36    41    46    48    51    56    60    61    66    71    76 
      36:     1     6     8    11    16    20    21    26    31    36    41    46    48    51    56    60    61    66    71    76 
      37:     1     6     8    11    16    20    21    26    31    36    41    46    48    51    56    60    61    66    71    76 
      38:     1     6     8    11    16    20    21    26    31    36    41    46    48    51    56    60    61    66    71    76 
      39:     1     6     8    11    16    21    26    31    36    41    46    48    51    56    60    61    66    71    76 
      40:     1     6     8    11    16    20    21    26    31    36    41    46    48    51    56    60    61    66    71    76 
      41:     1     6     8    11    16    20    21    26    31    36    41    46    48    51    56    60    61    66    71    76 
      42:    16    20    41    46    48    51    56    60    61    66    71    76 
      43:     1     6     8    11    16    20    21    26    31    36    41    46    48    51    56    60    61    66    71    76 
      44:     1     6     8    11    16    20    21    26    31    36    41    46    48    51    56    60    61    66    71    76 
      45:     1     6     8    11    16    21    26    31    36    41    46    48    51    56    60    61    66    71    76 
      46:     1     6     8    11    16    20    21    26    31    36    41    46    48    51    56    60    61    66    71    76 
      47:     1     6     8    11    16    20    21    26    31    36    41    46    48    51    56    60    61    66    71    76 
      48:     1     6    11    16    20    21    26    31    36    41    46    48    51    56    60    61    66    71    76 
      49:     1     6     8    11    16    20    21    26    31    36    41    46    48    51    56    60    61    66    71    76 
      50:     1     6     8    11    16    20    21    26    31    36    41    46    48    51    56    60    61    66    71    76 
      51:     1     6     8    11    16    20    21    26    31    36    41    46    48    51    56    61    66    71    76 
      52:     1     6     8    11    16    20    21    26    31    36    41    46    48    51    56    60    61    66    71    76 
      53:     1     6     8    11    16    20    21    26    31    36    41    46    48    51    56    61    66    71    76 
      54:     1     6     8    11    16    21    26    31    36    41    46    51    56    60    61    66    71    76 
      55:     1     6     8    11    16    20    21    26    31    36    41    46    48    51    56    60    61    66    71    76 
      56:     1     6     8    11    16    21    26    31    36    60 
      57:     1     6    11    16    20    21    26    31    36    41    46    48    51    56    60    61    66    71    76 
      58:     1     6     8    11    16    20    21    26    31    36    41    46    48    51    56    60    61    66    71    76 
      59:     1     6    11    16    20    21    26    31    36    41    46    48    51    56    60    61    66    71    76 
      60:     1     6     8    11    16    20    21    26    31    36    41    46    48    51    56    61    66    71    76 
      61:     1     6     8    11    16    20    21    26    31    36    41    46    48    51    56    60    61    66    71    76 
      62:     1     6     8    11    16    20    21    26    31    36    41    46    48    51    56    60    61    66    71    76 
      63:     1     6     8    11    16    20    21    26    31    36    41    60 
      64:     1     6     8    11    16    20    21    26    31    36    41    46    48    51    56    60    61    66    71    76 
      65:     1     6     8    11    16    20    21    26    31    36    41    46    48    51    56    60    61    66    71    76 
      66:     1     6     8    11    16    21    26    31    36    41    46    48    51    56    60    61    66    71    76 
      67:     1     6     8    11    16    20    21    26    31    36    41    46    48    51    56    60    61    66    71    76 
      68:     1     6     8    11    16    20    21    26    31    36    41    46    48    51    56    60    61    66    71    76 
      69:     1     6    11    16    20    21    26    31    36    41    46    48    51    56    60    61    66    71    76 
      70:     1     6     8    11    16    20    21    26    31    36    41    46    48    51    56    60    61    66    71    76 
      71:     1     6     8    11    16    20    21    26    31    36    41    46    48    51    56    60    61    66    71    76 
      72:     1     6     8    11    16    20    21    26    31    36    41    46    48    51    56    60    61    66    71    76 
      73:     1     6     8    11    16    20    21    26    31    36    41    46    48    51    56    60    61    66    71    76 
      74:     1     6     8    11    16    20    21    26    31    36    41    46    48    51    56    61    66    71    76 
      75:     1     6     8    11    16    20    21    26    31    36    41    46    48    51    56    61    66    71    76 
      76:     1     6     8    11    16    21    26    31    36    41    46    48    51    56    60    61    66    71    76 
      77:     1     6     8    11    16    20    21    26    31    36    41    46    51    56    60    61    66    71    76 
      78:     1     6     8    11    16    20    21    26    31    36    41    46    51    56    60    61    66    71    76 
      79:     1     6    11    16    20    21    26    31    36    41    46    48    51    56    60    61    66    71    76 
      80:     1     6     8    11    16    20    21    26    31    36    41    46    48    51    56    60    61    66    71    76 
      81:     1     6     8    11    16    20    21    26    31    36    41    46    48    51    56    60    61    66    71    76 
      82:     1     6     8    11    16    20    21    26    31    36    41    46    48    51    56    60    61    66    71    76 
      83:     1     6     8    11    16    20    21    26    31    36    41    46    48    51    56    60    61    66    71    76 
      84:     1     6     8    11    16    20    21    26    31    36    41    46    48    51    56    60    61    66    71    76 
      85:     1     6     8    11    16    20    21    26    31    36    41    46    48    51    56    61    66    71    76 
      86:     1     6     8    11    16    20    21    26    31    36    41    46    48    51    56    60    61    66    71    76 
      87:     1     6     8    11    16    20    21    26    31    36    41    46    48    51    56    60    61    66    71    76 
      88:     1     6     8    11    16    20    21    26    31    36    41    46    51    56    60    61    66    71    76 
      89:     1     6     8    11    16    20    21    26    31    36    41    46    48    51    56    60    61    66    71    76 
      90:     1     6     8    11    16    20    21    26    31    36    41    46    48    51    56    60    61    66    71    76 
      91:     1     6     8    11    16    20    21    26    31    36    41    46    48    51    56    60    61    66    71    76 
      92:     1     6     8    11    16    21    26    31    36    41    46    48    51    56    60    61    66    71    76 
      93:     1     6     8    11    16    20    21    26    31    36    41    46    48    51    56    60    61    66    71    76 
      94:     1     6     8    11    16    20    21    26    31    36    41    46    48    51    56    60    61    66    71    76 
      95:     1     6    11    16    20    21    26    31    36    41    46    48    51    56    60    61    66    71    76 
      96:     1     6     8    11    16    20    21    26    31    36    41    46    48    51    56    60    61    66    71    76 
      97:     1     6     8    11    16    20    21    26    31    36    41    46    48    51    56    60    61    66    71    76 
      98:     1     6     8    11    16    21    26    31    36    41    46    48    51    56    60    61    66    71    76 
      99:     1     6     8    11    16    20    21    26    31    36    41    46    48    51    56    60    61    66    71    76 
     100:     1     6     8    11    16    20    21    26    31    36    41    46    48    51    56    60    61    66    71    76 
     101:     1     6    11    16    20    21    26    31    36    41    46    48    51    56    60    61    66    71    76 
     102:     1     6     8    11    16    20    21    26    31    36    41    46    48    51    56    60    61    66    71    76 
     103:     1     6     8    11    16    20    21    26    31    36    41    46    48    51    56    60    61    66    71    76 
     104:    20    36    41    46    48    51    56    60    61    66    71    76 
     105:     1     6     8    11    16    21    26    31    36    41    46    48    51    56    60    61    66    71    76 
     106:     1     6     8    11    16    20    21    26    31    36    41    46    48    51    56    60    61    66    71    76 
     107:     1     6     8    11    16    20    21    26    31    36    41    46    48    51    56    60    61    66    71    76 
     108:    20    41    46    48    51    56    60    61    66    71    76 
     109:     1     6     8    11    16    20    21    26    31    36    41    46    48    51    56    60    61    66    71    76 
     110:     1     6     8    11    16    21    26    31    36    41    46    48    51    56    60    61    66    71    76 
     111:     1     6     8    11    16    20    21    26    31    36    41    46    48    51    56    60    61    66    71    76 
     112:    20    21    41    46    48    51    56    60    61    66    71    76 
     113:     1     6    11    16    20    21    26    31    36    41    46    48    51    56    60    61    66    71    76 
     114:     1     6     8    11    16    20    21    26    31    36    41    46    48    51    56    60    61    66    71    76 
     115:     1     6     8    11    16    20    21    26    31    36    41    46    48    51    56    60    61    66    71    76 
     116:     1     6     8    11    16    20    21    26    31    36    41    46    48    51    56    60    61    66    71    76 
     117:     1     6     8    11    16    20    21    26    31    36    41    46    48    51    56    60    61    66    71    76 
     118:     1     6     8    11    16    20    21    26    31    36    41    46    48    51    56    60    61    66    71    76 
     119:     1     6     8    11    16    20    21    26    31    36    41    46    48    51    56    60    61    66    71    76 
     120:     1     6     8    11    16    20    21    26    31    36    41    46    48    51    56    60    61    66    71    76 
     121:     1     6     8    11    16    20    21    26    31    36    41    46    48    51    56    60    61    66    71    76 
     122:     1     6     8    11    16    20    21    26    31    36    41    46    48    51    56    60    61    66    71    76 
     123:     1     6     8    11    16    20    21    26    31    36    41    46    48    51    56    60    61    66    71    76 
     124:     1     6     8    11    16    20    21    26    31    36    41    46    48    51    56    60    61    66    71    76 
     125:     1     6     8    11    16    20    21    26    31    36    41    46    48    51    56    61    66    71    76 
     126:     1     6     8    11    16    20    21    26    31    36    41    46    48    51    56    60    61    66    71    76 
     127:     1     6     8    11    16    21    26    31    36    41    46    48    51    56    60    61    66    71    76 
     128:     1     6     8    11    16    20    21    26    31    36    41    46    51    56    61    66    71    76 
     129:     1     6     8    11    16    20    21    26    31    36    41    46    48    51    56    60    61    66    71    76 
     130:     1     6    11    16    20    21    26    31    36    41    46    48    51    56    60    61    66    71    76 
     131:     1     6     8    11    16    20    21    26    31    36    41    46    51    56    60    61    66    71    76 
     132:     1     6     8    11    16    20    21    26    31    36    41    46    48    51    56    60    61    66    71    76 
     133:     1     6     8    11    16    21    26    31    36    41    46    48    51    56    60    61    66    71    76 
     134:     1     6     8    11    16    20    21    26    31    36    41    46    48    51    56    60    61    66    71    76 
     135:     1     6     8    11    16    20    21    26    31    36    41    46    48    51    56    60    61    66    71    76 
     136:     1     6    11    16    20    21    26    31    36    41    46    48    51    56    60    61    66    71    76 
     137:     1     6     8    11    16    20    21    26    31    36    41    46    48    51    56    60    61    66    71    76 
     138:     1     6     8    11    16    20    21    26    31    36    41    46    48    51    56    60    61    66    71    76 
     139:     1     6     8    11    16    20    21    26    31    36    41    46    48    51    56    60    61    66    71    76 
     140:     1     6     8    11    16    20    21    26    31    36    41    46    48    51    56    60    61    66    71    76 
     141:     1     6     8    11    16    20    21    26    31    36    41    46    48    51    56    60    61    66    71    76 
     142:     1     6     8    11    16    20    21    26    31    36    41    46    48    51    56    60    61    66    71    76 
     143:     1     6     8    11    16    20    21    26    31    36    41    46    48    51    56    60    61    66    71    76 
     144:     1     6     8    11    16    20    21    26    31    36    41    46    48    51    56    60    61    66    71    76 
     145:     1     6     8    11    16    20    21    26    31    36    41    46    48    51    56    60    61    66    71    76 
     146:     1     6     8    11    16    20    21    26    31    36    41    46    48    51    56    60    61    66    71    76 
     147:     1     6     8    11    16    20    21    26    31    36    41    46    48    51    56    60    61    66    71    76 
     148:     1     6     8    11    16    20    21    26    31    36    60    61 
     149:     1     6     8    11    16    21    26    31    36    41    46    48    51    56    60    61    66    71    76 
     150:     1     6     8    11    16    20    21    26    31    36    41    46    48    51    56    60    61    66    71    76 
     151:     1     6     8    11    16    20    21    26    31    36    41    46    48    51    56    60    61    66    71    76 
     152:     1     6    11    16    20    21    26    31    36    41    46    48    51    56    60    61    66    71    76 
     153:     1     6     8    11    16    20    21    26    31    36    41    46    48    51    56    60    61    66    71    76 
     154:     1     6     8    11    16    21    26    31    36    41    46    48    51    56    60    61    66    71    76 
     155:     1     6     8    11    16    20    21    26    31    36    41    46    48    51    56    60    61    66    71    76 
     156:     1     6     8    11    16    20    21    26    31    36    41    46    48    51    56    60    61    66    71    76 
     157:     1     6    11    16    20    21    26    31    36    41    46    48    51    56    61    66    71    76 
     158:     1     6     8    11    16    20    21    26    31    36    41    46    48    51    56    60    61    66    71    76 
     159:     1     6     8    11    16    20    21    26    31    36    41    46    48    51    56    60    61    66    71    76 
     160:     1     6     8    11    16    20    21    26    31    36    41    46    51    56    60    61    66    71    76 
     161:     1     6     8    11    16    20    21    26    31    36    41    46    48    51    56    60    61    66    71    76 
     162:     1     6     8    11    16    20    21    26    31    36    41    46    48    51    56    60    61    66    71    76 
     163:     1     6     8    11    16    20    21    26    31    36    41    46    48    51    56    60    61    66    71    76 
     164:     1     6     8    11    16    20    21    26    31    36    41    46    48    51    56    60    61    66    71    76 
     165:     1     6     8    11    16    20    21    26    31    36    41    46    48    51    56    60    61    66    71    76 
     166:     1     6     8    11    16    20    21    26    31    36    60    61 
     167:     1     6     8    11    16    20    21    26    31    36    41    46    48    51    56    60    61    66    71    76 
     168:     1     6     8    11    16    20    21    26    31    36    41    46    48    51    56    60    61    66    71    76 
     169:     1     6     8    11    16    20    21    26    31    36    41    46    48    51    56    60    61    66    71    76 
     170:     1     6     8    11    16    21    26    31    36    41    46    48    51    56    60    61    66    71    76 
     171:     1     6     8    11    16    20    21    26    31    36    41    46    48    51    56    60    61    66    71    76 
     172:     1     6     8    11    16    20    21    26    31    36    41    46    48    51    56    60    61    66    71    76 
     173:     1     6    11    16    20    21    26    31    36    41    46    48    51    56    60    61    66    71    76 
     174:     1     6     8    11    16    20    21    26    31    36    41    46    48    51    56    60    61    66    71    76 
     175:     1     6     8    11    16    20    21    26    31    36    41    46    48    51    56    60    61    66    71    76 
     176:     1     6     8    11    16    20    21    26    31    36    41    46    48    51    56    60    61    66    71    76 
     177:     1     6     8    11    16    20    21    26    31    36    41    46    48    51    56    60    61    66    71    76 
     178:     1     6     8    11    16    20    21    26    31    36    41    46    48    51    56    60    61    66    71    76 
     179:     1     6     8    11    16    20    21    26    31    36    41    46    48    51    56    60    61    66    71    76 
     180:     1     6     8    11    16    20    21    26    31    36    41    46    48    51    56    60    61    66    71    76 
     181:     1     6     8    11    16    20    21    26    31    36    41    46    48    51    56    60    61    66    71    76 
     182:     1     6     8    11    16    20    21    26    31    36    41    46    48    51    56    60    61    66    71    76 
     183:     1     6     8    11    16    20    21    26    31    36    41    46    48    51    56    60    61    66    71    76 
     184:     1     6     8    11    16    20    21    26    31    36    41    46    48    51    56    60    61    66    71    76 
     185:     1     6     8    11    16    21    26    31    36    41    46    48    51    56    60    61    66    71    76 
     186:     1     6     8    11    16    20    21    26    31    36    41    46    48    51    56    60    61    66    71    76 
     187:     1     6     8    11    16    20    21    26    31    36    41    46    48    51    56    60    61    66    71    76 
     188:     1     6    11    16    20    21    26    31    36    41    46    48    51    56    60    61    66    71    76 
     189:     1     6     8    11    16    20    21    26    31    36    41    46    48    51    56    60    61    66    71    76 
     190:     1     6     8    11    16    20    21    26    31    36    41    46    48    51    56    60    61    66    71    76 
     191:     1     6     8    11    16    20    21    26    31    36    41    46    48    51    56    61    66    71    76 
     192:     1     6     8    11    16    20    21    26    31    36    41    46    48    51    56    60    61    66    71    76 
     193:     1     6     8    11    16    20    21    26    31    36    41    46    48    51    56    60    61    66    71    76 
     194:     1     6     8    11    16    20    21    26    31    36    41    46    51    56    60    61    66    71    76 
     195:     1     6     8    11    16    20    21    26    31    36    41    46    48    51    56    60    61    66    71    76 
     196:     1     6     8    11    16    20    21    26    31    36    41    46    48    51    56    60    61    66    71    76 
     197:     1     6     8    11    16    20    21    26    31    36    41    46    48    51    56    60    61    66    71    76 
     198:     1     6     8    11    16    20    21    26    31    36    41    46    48    51    56    60    61    66    71    76 
     199:     1     6     8    11    16    20    21    26    31    36    41    46    48    51    56    60    61    66    71    76 
     200:     1     6     8    11    16    20    21    26    31    36    41    46    48    51    56    60    61    66    71    76 
     201:     1     6     8    11    16    20    21    26    31    36    41    46    48    51    56    60    61    66    71    76 
     202:     1     6     8    11    16    20    21    26    31    36    41    46    48    51    56    60    61    66    71    76 
     203:     1     6     8    11    16    20    21    26    31    36    41    46    48    51    56    60    61    66    71    76 
     204:     1     6     8    11    16    20    21    26    31    36    41    46    48    51    56    60    61    66    71    76 
     205:     1     6     8    11    16    20    21    26    31    36    41    46    48    51    56    60    61    66    71    76 
     206:     1     6     8    11    16    20    21    26    31    36    41    46    48    51    56    60    61    66    71    76 
     207:     1     6     8    11    16    20    21    26    31    36    41    46    48    51    56    60    61    66    71    76 
     208:     1     6     8    11    16    21    26    31    36    41    46    48    51    56    60    61    66    71    76 
     209:     1     6     8    11    16    20    21    26    31    36    41    46    48    51    56    60    61    66    71    76 
     210:     1     6     8    11    16    20    21    26    31    36    41    46    48    51    56    60    61    66    71    76 
     211:     1     6    11    16    20    21    26    31    36    41    46    48    51    56    60    61    66    71    76 
     212:     1     6     8    11    16    20    21    26    31    36    41    46    48    51    56    60    61    66    71    76 
     213:     1     6     8    11    16    20    21    26    31    36    41    46    48    51    56    60    61    66    71    76 
     214:     1     6     8    11    16    20    21    26    31    36    41    46    48    51    56    60    61    66    71    76 
     215:     1     6     8    11    16    20    21    26    31    36    41    46    48    51    56    60    61    66    71    76 
     216:     1     6     8    11    16    20    21    26    31    36    41    46    48    51    56    60    61    66    71    76 
     217:     1     6     8    11    16    21    26    31    36    41    46    48    51    56    60    61    66    71    76 
     218:     1     6     8    11    16    20    21    26    31    36    41    46    48    51    56    60    61    66    71    76 
     219:     1     6     8    11    16    20    21    26    31    36    41    46    48    51    56    60    61    66    71    76 
     220:     1     6    11    16    20    21    26    31    36    41    46    48    51    56    60    61    66    71    76 
     221:     1     6     8    11    16    20    21    26    31    36    41    46    48    51    56    60    61    66    71    76 
     222:     1     6     8    11    16    20    21    26    31    36    41    46    48    51    56    60    61    66    71    76 
     223:     1     6     8    11    16    20    21    26    31    36    41    46    48    51    56    60    61    66    71    76 
     224:     1     6     8    11    16    20    21    26    31    36    41    46    48    51    56    60    61    66    71    76 
     225:     1     6     8    11    16    20    21    26    31    36    41    46    48    51    56    60    61    66    71    76 
     226:     1     6     8    11    16    20    21    26    31    36    41    46    48    51    56    60    61    66    71    76 
     227:     1     6     8    11    16    20    21    26    31    36    41    46    48    51    56    60    61    66    71    76 
     228:     1     6     8    11    16    20    21    26    31    36    41    46    48    51    56    60    61    66    71    76 
     229:     1     6     8    11    16    20    21    26    31    36    41    46    48    51    56    60    61    66    71    76 
     230:     1     6     8    11    16    20    21    26    31    36    41    46    48    51    56    60    61    66    71    76 
     231:     1     6     8    11    16    20    21    26    31    36    41    46    48    51    56    60    61    66    71    76 
     232:     1     6     8    11    16    20    21    26    31    36    41    46    48    51    56    60    61    66    71    76 
     233:     1     6     8    11    16    20    21    26    31    36    41    46    48    51    56    60    61    66    71    76 
     234:     1     6     8    11    16    20    21    26    31    36    41    46    48    51    56    60    61    66    71    76 
     235:     1     6     8    11    16    20    21    26    31    36    41    46    48    51    56    60    61    66    71    76 
     236:     1     6     8    11    16    20    21    26    31    36    41    46    48    51    56    60    61    66    71    76 
     237:     1     6     8    11    16    20    21    26    31    36    41    46    48    51    56    60    61    66    71    76 
     238:     1     6     8    11    16    20    21    26    31    36    41    46    48    51    56    60    61    66    71    76 
     239:     1     6     8    11    16    20    21    26    31    36    41    46    48    51    56    60    61    66    71    76 
     240:     1     6     8    11    16    20    21    26    31    36    41    46    48    51    56    60    61    66    71    76 
     241:     1     6     8    11    16    20    21    26    31    36    41    46    48    51    56    60    61    66    71    76 
     242:     1     6     8    11    16    20    21    26    31    36    41    46    48    51    56    60    61    66    71    76 
     243:     1     6     8    11    16    20    21    26    31    36    41    46    48    51    56    60    61    66    71    76 
     244:     1     6     8    11    16    20    21    26    31    36    41    46    48    51    56    60    61    66    71    76 
     245:     1     6     8    11    16    20    21    26    31    36    41    46    48    51    56    60    61    66    71    76 
     246:     1     6     8    11    16    21    26    31    36    41    46    48    51    56    60    61    66    71    76 
     247:     1     6     8    11    16    20    21    26    31    36    41    46    48    51    56    60    61    66    71    76 
     248:     1     6     8    11    16    20    21    26    31    36    41    46    48    51    56    60    61    66    71    76 
     249:     1     6    11    16    20    21    26    31    36    41    46    48    51    56    60    61    66    71    76 
     250:     1     6     8    11    16    20    21    26    31    36    41    46    48    51    56    60    61    66    71    76 
     251:     1     6     8    11    16    20    21    26    31    36    41    46    48    51    56    60    61    66    71    76 
     252:     1     6     8    11    16    20    21    26    31    36    41    46    48    51    56    60    61    66    71    76 
     253:     1     6     8    11    16    20    21    26    31    36    41    46    48    51    56    60    61    66    71    76 
     254:     1     6     8    11    16    20    21    26    31    36    41    46    48    51    56    60    61    66    71    76 
     255:     1     6     8    11    16    20    21    26    31    36    41    46    48    51    56    60    61    66    71    76 
     256:     1     6     8    11    16    20    21    26    31    36    41    46    48    51    56    60    61    66    71    76 
     257:     1     6     8    11    16    21    26    31    36    41    46    48    51    56    61    66    71    76 
     258:     1     6     8    11    16    21    26    31    36    41    46    48    51    56    61    66    71    76 
     259:     1     6     8    11    16    21    26    31    36    41    46    48    51    56    61    66    71    76 
